752463800547677199 561368529593635891 Double_pepironi_roll 239
752463800547677200 561368529593635891 Double_chicken_and_tomatoes_roll 249
752463800547677201 561368529593635891 Double_sausage_and_jalapeno_roll 249
752463800547677202 561368529593635891 Ham_and_mushrooms 549
752463800547677203 561368529593635891 Double_pepironi 739
752463800547677204 561368529593635891 De_lux 739
752463800547677205 561368529593635891 Manhatten 739
752463800547677206 561368529593635891 Margarite_fresh_tommato 739
752463800547677207 561368529593635891 Four_chesse 769
752463800547677208 561368529593635891 Gavai 689
752463800547677209 561368529593635891 Greek 599
752463800547677210 561368529593635891 Sicilian 649
752463800547677211 1109046169671816344 Margarite 390
752463800547677212 1109046169671816344 Vegetables 490
752463800547677213 1109046169671816344 Ham_and_mushrooms 460
752463800547677214 1109046169671816344 Spaisi_shorizo 490
752463800547677215 1109046169671816344 Chesse_pizza 390
752463800547677216 1109046169671816344 Pepironi_without_pork 490
752463800547677217 1109046169671816344 Pepironi 460
752463800547677218 1109046169671816344 Four_chesse 540
274735755191544457 989524945550533835 Vegitarian 769
274735755191544458 989524945550533835 Ham_and_mushrooms 769
274735755191544459 989524945550533835 Gavai 769
274735755191544460 989524945550533835 Double_pepironi 899
274735755191544461 989524945550533835 Italian 769
274735755191544462 989524945550533835 Margarite 619
274735755191544463 989524945550533835 Maxican 769
274735755191544464 989524945550533835 Meat_pizza 899
274735755191544465 989524945550533835 Pepironi 749
274735755191544466 565366200830510244 Vetgi_FIT_and_frech 499
274735755191544467 565366200830510244 Gavai 359
274735755191544468 565366200830510244 Pear_blue_cheasse 569
274735755191544469 565366200830510244 Double_pepironi 569
274735755191544470 565366200830510244 Julien 499
274735755191544471 565366200830510244 Three_meats 569
274735755191544472 565366200830510244 Four_seasons 789
274735755191544473 565366200830510244 Four_chesse 929
274735755191544474 565366200830510244 BBQ_mix 596
274735755191544475 565366200830510244 Diablo 569
274735755191544476 565366200830510244 Domino 639
655728069895555203 847191926834836562 half_and_half_pizza 640
655728069895555204 847191926834836562 Sausage_BBQ 419
655728069895555205 847191926834836562 DODO_mix 519
655728069895555206 847191926834836562 Gavai 419
655728069895555207 847191926834836562 Pepironi_fresh 289
655728069895555208 847191926834836562 Vegitarian_chesse 289
655728069895555209 847191926834836562 Ham_and_chesse 309
655728069895555210 847191926834836562 Ham_and_mushrooms 369